2 0.635004 0.713494 0.379965 0.358595
0 0.521992 0.508318 0.039096 0.066543
0 0.584301 0.446396 0.051314 0.064695
0 0.650887 0.366913 0.054979 0.075786
0 0.500611 0.398336 0.045205 0.057301
0 0.574527 0.315157 0.043983 0.068392
0 0.634393 0.236599 0.039096 0.081331
0 0.677765 0.109982 0.052535 0.083179
0 0.179901 0.500924 0.043983 0.066543
0 0.251373 0.585952 0.028100 0.048059
0 0.222051 0.628466 0.030544 0.036969
0 0.197616 0.659889 0.037874 0.044362
0 0.115148 0.452865 0.041540 0.059150
0 0.094989 0.484288 0.028100 0.044362
0 0.059558 0.531423 0.042761 0.046211